122734
153.32
158.338
155.412
0.0175635
-7.40444
102.524
101.568
304.072
0
374
0
639

6698
49.1775
39.7228
20.0194
0.00109313
-10.2639
170.882
155.217
592.768
103
193
514
639

4266
96.929
93.3858
84.1343
0.00164107
-10.0884
336.221
200.222
521.736
177
229
401
639

36011
78.9899
89.0265
92.1199
0.000671057
-11.3728
193.92
261.898
139.021
189
382
0
340

11241
107.908
107.888
102.612
0.000476809
-11.8715
470.831
282.397
367.02
194
389
330
424

37919
43.6975
58.5109
65.4436
0.000600341
-11.1967
181.87
289.355
514.776
204
389
375
639

34018
64.9611
73.6685
74.7159
0.000284815
-12.343
608.3
357.192
162.392
263
451
0
358

40440
23.8585
32.2658
31.9755
0.000645979
-10.9772
141.811
423.697
446.051
342
479
40
639

4912
62.816
57.6671
45.1201
0.00103272
-10.2791
168.324
450.04
268.859
420
479
94
352

8961
28.8095
36.8843
36.6217
0.000540159
-11.1241
231.451
462.14
122.686
430
479
0
306

