113298
162.17
181.318
189.822
0.0166593
-7.25754
109.889
96.5514
275.958
0
337
0
639

17811
87.8043
79.2943
55.269
0.000470514
-11.5903
314.979
169.45
445.592
95
231
302
638

12428
67.3889
58.399
35.5037
0.000412888
-11.7407
561.975
181.687
570.734
96
235
445
639

48938
82.5396
100.65
112.189
0.000241384
-12.6642
551.324
306.338
126.566
202
462
0
317

18239
91.2559
108.868
118.36
0.0011906
-10.7622
301.792
258.998
414.314
210
354
280
603

39731
50.7779
70.4857
83.0887
0.000570339
-11.3344
203.84
334.467
481.898
223
431
248
639

11297
62.3682
75.9222
82.8817
0.000286315
-12.0409
610.261
381.373
209.385
331
432
50
401

45458
31.6272
47.2601
54.4334
0.000421258
-11.6333
249.836
440.994
365.02
361
479
0
639

