109470
157.218
170.769
173.934
0.0504448
-5.57204
55.6797
95.3471
271.091
0
349
0
639

27159
56.0819
49.9191
29.4379
0.00059882
-11.1174
202.487
160.68
522.557
78
220
353
639

3929
60.9361
57.3334
38.155
0.000772607
-10.6211
392.873
204.432
272.493
183
227
183
346

5677
141.914
129.678
110.501
0.000724478
-10.9569
482.13
221.917
485.989
199
236
355
639

7360
147.716
145.852
135.951
0.000410305
-11.6412
774.079
250.942
227.625
210
356
0
419

73797
65.8558
84.5163
95.4883
0.000427968
-11.9347
352.733
339.959
189.393
225
479
0
607

32541
53.6752
75.5863
88.6352
0.000844184
-10.763
117.775
291.029
505.966
230
358
355
639

40232
32.9958
50.8654
60.8744
0.000464275
-11.4902
224.519
432.376
428.785
344
479
0
639

7035
30.0125
48.0914
58.1339
0.000604425
-10.9879
279.183
413.527
154.219
370
448
0
351

