51816
154.074
173.236
182.43
0.0816081
-5.52867
164.909
55.0539
208.729
0
192
0
560

92759
69.589
62.5864
40.5356
0.000372782
-12.0588
358.206
144.859
386.918
0
240
0
639

6519
210.318
211.469
206.404
0.000841477
-10.7917
335.672
290.558
361.929
125
354
328
431

13182
163.946
163.467
157.647
0.000311858
-12.276
1007.55
296.588
277.077
212
375
0
452

6219
68.9135
54.4165
40.7718
0.000400338
-11.5457
584.671
243.07
518.099
221
266
352
639

23987
76.0131
97.9837
111.758
0.00153434
-10.117
106.38
275.636
146.901
230
336
0
311

5974
70.9653
91.8924
104.1
0.0049604
-8.46732
44.8378
280.976
423.943
239
338
353
516

47778
46.2951
67.7647
82.4805
0.0010536
-10.4577
75.6821
375.072
528.091
247
479
372
639

48677
51.6583
73.6639
89.9106
0.000393621
-11.8517
296.131
401.624
151.973
284
479
0
417

10289
98.4596
103.525
102.893
0.000243174
-12.2654
712.754
409.082
342.677
370
458
266
442

