5608
115.821
141.813
155.875
0.0163048
-6.38013
1.12359
27.8725
43.8297
0
95
0
151

73858
153.806
171.904
175.002
0.0106357
-6.91455
0.744439
82.8248
325.155
0
222
0
639

8124
112.812
140.638
155.548
0.0149692
-6.6212
0.825982
35.0239
588.35
0
118
467
639

55431
207.863
198.84
180.241
0.0070731
-7.96022
6.23125
170.058
299.532
88
258
48
562

19515
159.858
133.435
119.801
0.000949929
-11.2012
342.631
260.853
402.292
190
299
5
639

3444
176.843
143.718
118.767
0.00643373
-7.80172
11.5128
219.418
66.4983
194
232
0
195

19260
113.122
101.508
94.1443
0.000323892
-12.1087
371.294
275.524
160.811
229
317
0
587

9765
91.3622
79.0826
80.8123
0.000514272
-11.259
268.433
254.829
511.917
235
281
304
639

112195
14.2868
12.645
11.7907
0.0112713
-7.67055
4.1196
391.716
323.814
292
479
0
639

