94538
159.045
163.906
150.415
0.0181898
-6.2945
0.584964
74.5315
316.025
0
176
0
639

29951
205.863
157.9
132.951
0.0084061
-8.07991
6.0519
180.515
333.321
112
253
148
516

30216
159.554
111.399
90.5644
0.00543331
-8.56422
16.1999
211.445
298.353
145
307
0
639

87637
59.6325
56.5377
58.9801
0.000327843
-12.098
211.008
307.597
311.347
218
400
0
639

26990
126.882
123.438
102.674
0.00526663
-8.28316
11.9895
399.437
316.367
361
439
0
639

3691
59.1802
64.0661
63.8377
0.00219011
-9.20722
104.58
421.704
347.853
398
442
0
639

34177
11.3415
13.0068
12.9287
0.0332061
-6.09063
2.31546
451.722
356.014
405
479
0
639

