84648
103.173
130.546
138.318
0.0075183
-7.5186
0.945026
77.0435
376.095
0
248
0
639

68365
164.231
162.211
146.034
0.00711392
-8.0614
39.2747
178.995
257.994
75
298
0
568

11753
235.372
222.74
202.213
0.0174039
-8.42826
18.3943
211.686
221.576
160
261
117
326

20595
99.4252
73.4009
62.1712
0.000385233
-11.7709
183.091
277.097
466.166
237
311
233
639

21732
114.952
76.6928
53.2362
0.000860258
-11.125
137.575
307.191
145.551
246
372
0
455

4016
175.393
151.521
119.431
0.00174468
-9.83983
106.091
310.885
239.107
298
328
84
397

96091
20.8327
13.216
7.59739
0.00667795
-7.98225
5.30374
402.709
336.646
304
479
0
639

