3975
205.976
196.184
163.332
0.0101722
-7.01015
3.37212
11.9947
73.314
0
27
0
170

16759
239.066
239.055
229.139
0.0723124
-7.72691
109.707
19.263
380.749
0
75
64
639

27770
191.143
174.873
155.65
0.000395582
-12.1194
936.499
100.611
381.538
24
181
95
639

23488
132.647
122.504
108.125
0.000474775
-11.5363
228.129
100.538
549.733
24
177
421
639

28098
129.487
123.798
107.721
0.000453116
-11.6572
205.333
108.528
150.91
28
192
0
341

7988
93.1541
90.828
78.4154
0.0014836
-9.97648
92.9102
74.2944
64.9926
34
104
0
177

11500
131.508
127.773
113.044
0.000439877
-11.55
393.309
174.107
167.791
140
203
0
348

16337
215.924
216.798
208.087
0.0265981
-10.0631
494.553
204.207
425.458
165
247
280
639

9586
184.661
177.781
155.913
0.00211764
-9.63577
42.4231
227.492
503.211
193
266
289
639

8237
177.394
175.581
156.891
0.00428756
-9.32854
216.482
223.972
195.267
194
266
60
323

7117
140.456
132.224
117.517
0.00328496
-9.63706
68.8844
231.682
126.008
199
293
0
275

47952
106.446
73.9206
45.1202
0.00133054
-10.355
74.9686
312.269
330.334
212
398
0
639

7637
154.087
121.897
93.3135
0.00267122
-9.02265
20.3329
266.997
409.451
228
297
266
639

90756
49.6196
35.4874
20.0796
0.00114269
-10.1818
50.9231
400.853
308.902
253
479
0
639

