78232
116.369
142.255
148.326
0.00854603
-7.3235
0.90438
70.4174
279.176
0
235
0
639

75533
174.726
166.273
148.075
0.00575036
-8.83111
110.99
185.061
357.596
69
315
48
639

13023
235.535
224.943
206.911
0.0196048
-8.18713
15.9236
198.26
378.035
144
251
263
497

32494
96.1018
63.1619
46.7156
0.00120023
-11.0117
123.859
297.834
226.506
235
368
0
626

11977
109.118
84.1875
68.5631
0.000368927
-11.7599
257.914
265.576
542.26
235
300
405
639

95941
24.8202
14.9923
8.38141
0.00442002
-8.32852
6.63691
402.818
318.13
299
479
0
639

