37152
244.329
244.061
231.114
0.00823807
-8.52377
12.5698
46.077
188.436
0
112
0
508

73391
203.834
203.863
187.601
0.00357063
-9.0631
12.1081
115.843
352.958
0
197
0
639

5064
238.825
239.1
223.142
0.00241117
-9.01904
25.9515
48.8989
542.703
23
108
453
639

45785
161.131
128.31
127.469
0.00489857
-8.70868
13.7529
230.056
284
140
312
0
639

54152
91.9529
96.4181
105.935
0.00785529
-7.94263
11.1052
282.492
360.064
155
377
0
639

91656
6.7097
7.38304
7.47451
0.061324
-6.2935
25.3235
406.766
327.271
294
479
0
639

