38946
236.554
234.481
217.849
0.0023094
-9.45342
16.3606
49.4315
183.11
0
120
0
493

75519
191.582
192.459
177.254
0.00386772
-8.96079
11.0791
119.489
353.066
0
207
0
639

4949
230.731
228.549
211.179
0.00181975
-9.41966
28.9613
48.1437
542.521
23
108
451
639

43196
149.313
115.839
115.169
0.00454392
-8.83999
17.041
236.01
278.117
140
315
0
639

56059
80.0077
84.8175
94.4804
0.00798243
-7.79284
7.13628
284.605
365.675
152
370
0
639

88531
5.19655
5.89266
6.24486
0.123282
-5.4097
16.9751
409.325
329.353
302
479
0
639

