47621
252.864
252.32
245.962
0.356151
-3.83866
3.76751
39.3781
289.734
0
101
0
639

56527
200.474
185.892
186.789
0.00761183
-8.20657
25.4828
123.664
328.987
29
211
0
639

10498
149.965
164.527
170.585
0.00883092
-7.90972
33.6159
158.776
593.076
80
233
517
639

169540
12.6895
15.1255
14.4602
0.0103586
-7.76941
38.3556
343.925
318.457
104
479
0
639

11998
141.737
150.683
153.198
0.00524802
-9.50764
229.498
184.175
123.578
130
242
0
240

6069
142.773
153.228
160.006
0.00469055
-8.93489
49.8504
215.66
364.988
153
253
257
501

4947
71.4176
89.4855
100.667
0.000531949
-11.1323
274.552
245.487
372.19
190
290
261
483

