12617
103.72
112.349
129.931
0.00801294
-7.72788
33.2274
62.0394
48.3033
0
154
0
209

47781
153.219
150.246
159.025
0.00514748
-8.1904
8.37926
196.985
351.264
0
349
169
627

50191
178.626
190.064
198.86
0.00585736
-8.00064
4.6687
97.9928
438.295
0
317
258
639

150979
7.12745
7.86244
7.8103
0.0174698
-7.06717
22.2725
319.224
225.231
7
479
0
639

37037
228.927
235.145
228.092
0.0101635
-7.75705
20.3829
192.9
554.825
77
315
418
639

8595
101.69
107.306
116.135
0.00501593
-8.76215
40.4391
363.079
489.185
319
400
342
628

