76438
89.9847
122.908
145.442
0.00892859
-7.27528
1.00833
60.6576
291.145
0
157
0
639

97123
125.562
140.107
142.754
0.00450532
-10.178
770.321
200.432
334.475
89
362
0
639

11850
39.3676
48.6988
52.4207
0.00105552
-10.9295
1083.62
265.687
553.626
212
320
458
639

18832
108.023
103.59
94.5508
0.000156371
-13.0929
2945.99
285.352
210.632
216
359
39
366

56390
37.6222
66.5398
88.653
0.00438122
-9.01572
205.079
372.522
312.114
276
432
0
639

6396
62.2273
61.848
55.0836
0.000605751
-11.2653
2456.63
323.578
153.373
278
368
76
253

40171
9.33589
28.1823
43.8213
0.0234124
-7.46703
112.659
444.924
356.041
329
479
0
639

