70013
99.9388
130.144
150.441
0.00881833
-7.22796
0.998554
56.3077
289.139
0
147
0
639

80491
140.542
152.776
152.875
0.00543231
-9.53525
759.502
177.046
384.39
82
315
0
639

8099
124.11
124.755
122.975
0.00031748
-12.0196
1777.88
233.498
258.453
191
287
176
356

14815
127.036
119.813
109.263
0.00014101
-13.0645
3063.46
259.705
415.184
197
323
280
532

41861
59.468
87.039
108.06
0.00449127
-8.86998
80.2161
317.108
236.814
201
375
0
639

6159
107.207
120.694
127.288
0.00281919
-9.36499
176.629
276.133
221.587
218
310
132
325

7565
74.4197
74.0839
69.3142
0.000455167
-11.5974
2249.28
307.385
395.711
256
348
310
518

3963
92.5178
117.526
131.528
0.00952544
-7.59813
9.50813
293.993
53.4211
267
322
0
107

73954
13.5854
51.0371
84.7254
0.00733907
-7.51908
2.39416
421.563
327.701
352
479
0
639

