151925
125.687
144.506
149.665
0.00638309
-9.42949
421.328
121.945
326.699
0
333
0
639

16900
106.27
107.217
106.706
0.000890689
-11.5001
629.985
275.273
50.5707
184
384
0
121

45548
58.534
67.1633
72.7462
0.000551913
-12.0832
682.347
318.313
517.266
195
431
357
639

12419
73.1862
80.5426
85.4886
0.000624715
-11.4632
948.26
260.879
161.752
202
319
88
241

6930
88.2306
91.2678
93.0241
0.000594835
-11.2143
417.899
331.67
270.545
261
398
208
338

7036
72.3339
79.8808
85.9431
0.00067419
-11.1513
186.615
346.793
343.277
270
407
280
409

66442
48.4099
82.7241
109.022
0.00705904
-8.11561
15.6783
420.199
267.941
296
479
0
639

