133005
130.578
149.484
156.806
0.00845166
-9.1514
509.008
106.566
322.903
0
313
0
639

6875
162.738
165.096
162.761
0.000365248
-11.8478
1545.96
192.356
216.573
144
263
132
277

61507
73.6529
77.1198
76.7173
0.00031687
-12.8559
2059.35
319.187
451.397
169
434
179
639

13572
137.546
137.166
134.48
0.00023663
-12.6497
1933.22
244.907
336.281
176
302
220
458

28872
86.4399
106.19
120.872
0.00165565
-11.0437
238.506
281.777
113.53
202
376
0
258

63369
28.862
68.6929
105.308
0.012233
-7.04082
2.34951
425.865
285.752
341
479
0
639

