68943
82.0367
126.076
157.507
0.00975567
-7.09988
0.957395
53.6894
315.226
0
119
0
639

58482
137.163
161.112
170.425
0.00582378
-8.84068
182.271
153.985
312.074
88
241
0
639

10721
77.894
91.522
105.286
0.00049049
-11.4192
414.539
219.716
467.035
174
267
352
553

5881
73.3168
89.3907
104.158
0.000575572
-11.2406
1078.14
220.683
591.579
180
263
535
639

5894
76.4069
90.86
104.391
0.000995493
-10.4325
280.432
217.414
270.331
185
246
203
344

9348
73.0443
91.2285
107.765
0.0014635
-10.0736
89.8326
230.941
101.13
186
275
0
219

34088
85.2494
113.082
128.728
0.00384634
-9.73549
152.346
284.642
253.95
228
427
0
639

35860
50.8203
90.0799
121.682
0.0056543
-8.65858
107.409
321.917
355.177
282
390
31
639

11077
123.744
117.508
101.906
0.000609349
-11.3151
316.182
437.044
72.0754
336
479
0
176

4997
127.764
124.505
110.372
0.000675864
-10.9257
349.125
385.775
318.664
339
452
239
391

7207
132.312
128.289
113.789
0.00047189
-11.403
311.492
407.066
565.883
340
479
474
639

21053
141.39
140.917
128.977
0.000647213
-11.4549
330.039
411.218
222.554
341
479
62
446

14986
141.943
140.632
127.938
0.000508324
-11.5972
368.765
415.902
438.827
342
479
323
574

10304
150.483
150.977
139.593
0.000759694
-10.9682
274.66
406.805
557.402
346
479
453
639

8346
133.403
129.999
115.675
0.000477439
-11.4315
261.807
448.436
272.55
395
479
165
402

