62658
89.1547
80.1219
63.7643
0.000455616
-11.7201
148.736
112.07
147.509
0
222
0
361

39596
98.7693
104.459
97.4638
0.000893127
-10.7755
123.533
126.239
435.684
0
225
226
639

21579
245.691
247.234
247.54
0.522125
-3.25641
146.02
45.8895
531.87
0
117
380
639

7118
118.211
130.715
127.076
0.00122731
-10.197
212.467
101.501
516.213
37
155
398
639

7044
92.9221
90.2104
74.4198
0.00112768
-10.2775
88.2282
153.51
337.413
88
215
262
432

6361
123.705
121.645
109.885
0.00113051
-10.1456
100.385
222.302
358.881
201
273
0
639

49606
100.417
102.678
84.7059
0.00273205
-9.08065
18.3094
293.295
400.876
209
410
139
639

43220
166.731
166.332
151.119
0.00109574
-10.5245
74.5923
331.33
96.2862
219
479
0
355

38412
131.462
132.187
109.808
0.00210693
-9.90433
75.6198
398.444
292.336
286
479
127
639

31606
210.014
222.558
225.173
0.00625476
-8.03593
13.5656
416.736
524.225
321
479
348
639

