63959
61.9448
59.2447
47.0871
0.000986146
-10.605
73.8166
129.666
194.339
0
223
0
532

101882
92.7143
94.6461
77.9207
0.00156797
-10.2879
107.695
281.322
322.401
0
479
0
639

31863
236.859
240.053
239.859
0.246881
-4.72897
167.004
52.2865
498.714
0
131
309
639

7773
116.321
77.3923
60.9844
0.000581615
-11.1156
199.241
77.6578
139.573
5
148
51
197

9011
59.7909
68.2466
62.3733
0.00508915
-8.22468
13.7491
227.238
604.266
146
308
536
639

22918
137.979
134.881
119.016
0.00107901
-10.4979
77.2014
319.282
56.9638
217
479
0
276

26780
64.9099
66.4923
52.3131
0.00437575
-8.39073
16.2128
273.74
318.394
225
363
124
542

42493
188.682
199.332
200.326
0.00628176
-8.10963
22.5552
415.363
484.974
320
479
230
639

