97409
204.017
212.351
214.056
0.00603505
-8.85146
220.568
125.84
191.88
0
280
0
456

8035
111.788
113.738
110.759
0.000224799
-12.3474
1978.46
29.0925
389.884
0
83
277
478

87164
35.8334
28.0513
16.4149
0.00127272
-10.1093
55.6415
215.317
528.914
0
479
248
639

71918
71.2881
68.6784
50.7641
0.00124018
-10.3074
44.6999
350.468
309.664
143
479
0
590

11063
33.0698
33.7098
20.9391
0.00440082
-8.30976
10.0966
364.186
372.329
325
415
262
479

31611
135.025
143.359
140.352
0.00648212
-8.28307
18.831
413.809
121.323
326
479
0
350

