88382
237.221
239.097
239.019
0.428059
-4.51219
293.308
110.009
187.895
0
256
0
456

12928
95.3896
82.9289
62.0547
0.000537517
-11.309
353.878
64.535
454.38
0
157
368
552

61476
55.7351
46.8704
27.7166
0.000618093
-11.1253
121.57
202.904
537.126
0
403
292
639

45639
97.2919
79.2122
56.5796
0.000594122
-11.2447
132.8
299.703
458.806
124
479
171
639

59675
121.125
123.884
107.997
0.000830836
-10.809
70.5772
365.247
257.964
174
479
0
536

14143
84.353
90.6948
74.0868
0.00197425
-9.48576
24.7302
353.176
213.907
278
414
71
393

4194
55.7606
58.6054
41.7003
0.00363007
-8.51919
23.7963
353.902
321.546
327
382
238
410

20763
184.43
199.096
202.528
0.00521856
-8.59369
43.3917
413.716
93.5311
333
479
0
278

