100524
220.645
227.707
229.463
0.0134775
-8.25997
172.367
110.285
214.135
0
257
0
489

8188
71.1701
58.5552
41.3422
0.00112691
-10.2871
167.257
57.4844
510.687
0
127
432
595

62856
42.6644
35.0923
21.4793
0.00108325
-10.3589
66.6722
206.679
535.693
0
411
291
639

4547
93.5476
49.3079
28.3886
0.00137243
-9.89837
84.7941
218.76
470.963
165
268
431
545

50632
73.0957
71.2466
53.1086
0.00154625
-10.1035
44.1106
336.672
359.712
175
479
70
639

50202
101.031
100.538
81.7074
0.00137253
-10.0329
47.7957
387.561
268.214
188
479
0
543

23561
153.131
161.239
159.517
0.005523
-8.44526
27.3561
390.403
103.936
310
457
0
316

6690
40.43
40.9354
25.962
0.0039509
-8.39192
13.8879
348.383
374.224
317
388
288
465

