61990
76.7776
149.104
208.461
0.00758713
-7.75898
15.5236
59.0624
399.193
0
213
0
639

59936
102.415
170.371
215.86
0.00475407
-9.32652
171.104
135.259
240.103
48
247
0
561

5826
45.2144
52.1373
57.717
0.000779275
-11.009
362.987
206.76
490.449
136
262
412
579

7992
51.1598
57.5149
64.4867
0.00196575
-10.1847
160.269
210.006
281.237
149
260
137
483

12705
75.0446
72.687
81.0922
0.000363184
-11.8439
277.338
215.877
111.513
150
264
0
285

8078
108.049
102.808
110.579
0.000400899
-11.5967
287.164
214.525
576.629
152
275
473
639

6497
69.0509
70.9684
72.9569
0.000590919
-11.0926
256.261
251.677
389.907
204
306
246
482

13623
25.3998
31.1864
30.4332
0.0016933
-10.5248
216.05
266.042
146.661
210
296
0
407

5234
34.7096
39.3689
34.4314
0.00107941
-10.535
382.61
272.188
512.033
236
322
420
609

9585
23.0438
24.0231
19.9038
0.0061413
-8.52713
119.885
342.921
611.545
241
427
574
639

14845
55.3928
81.4335
56.6152
0.00494442
-8.99932
104.415
306.56
186.082
273
331
0
343

32020
126.529
124.297
132.825
0.002472
-9.35475
35.2177
366.049
422.876
273
427
0
587

5906
55.4016
77.8593
54.8351
0.00438536
-8.87585
67.9745
305.958
526.082
275
355
463
585

29683
46.7256
71.7518
46.0656
0.00445088
-8.61515
21.5306
380.873
158.951
332
427
0
330

