92572
30.9491
47.1936
51.5575
0.00299258
-9.8852
150.958
182.211
156.657
0
344
0
639

36405
107.833
198.881
247.918
0.00962514
-7.40363
21.4343
51.5028
481.879
0
165
207
639

37316
134.583
230.885
248.972
0.00942987
-7.63344
126.781
135.993
436.548
23
252
254
639

19807
73.9993
85.3904
95.359
0.000757358
-11.2714
254.427
243.399
368.327
147
311
188
639

6802
37.953
54.5913
61.249
0.00310595
-9.17322
100.771
225.353
545.149
179
272
437
639

13372
131.668
134.072
149.483
0.000244383
-12.3107
422.107
227.453
372.694
180
275
234
586

20963
73.0178
106.185
84.2521
0.00154058
-10.4368
180.139
334.979
416.535
296
358
0
639

21051
37.4697
58.7787
53.366
0.00367844
-9.8233
128.742
390.077
136.594
336
427
0
437

2779
136.777
150.424
155.355
0.00118031
-10.0883
277.943
372.363
510.314
356
427
192
639

22853
67.1921
101.087
74.7272
0.00187404
-9.57057
24.122
393.856
445.006
360
427
221
634

