81441
24.1075
33.5455
34.6714
0.00318059
-10.3932
262.946
238.339
117.456
0
427
0
467

56596
92.4781
165.429
217.028
0.00387009
-9.86344
149.154
66.0569
440.563
0
264
100
639

41467
118.129
185.567
207.861
0.0030737
-10.103
387.953
138.687
338.193
53
258
101
598

8254
117.733
113.509
122.245
0.000306337
-11.9351
469.918
212.299
540.55
151
265
457
629

3385
120.322
117.333
131.24
0.000514657
-11.076
412.175
211.305
214.023
184
244
145
302

3490
71.9183
70.6433
79.4427
0.000699688
-10.7311
256.626
223.799
187.002
188
252
115
259

14493
63.9249
81.636
65.2476
0.00165344
-10.6611
248.44
277.957
471.899
197
322
324
596

4655
26.2505
32.8541
26.3042
0.000810798
-10.6393
251.836
274.894
555.371
229
393
426
639

10097
63.1846
88.2456
67.4507
0.00327775
-9.76731
236.63
289.22
245.971
245
327
108
366

21025
122.851
121.637
130.122
0.00109473
-11.1091
422.425
357.891
355.317
252
427
108
594

3996
55.4474
74.1209
56.9447
0.00234932
-9.63258
94.8704
335.847
619.304
284
389
597
639

6283
61.2122
82.9121
64.4883
0.00337856
-9.26188
89.3055
353.297
246.651
318
427
130
370

18738
63.1659
76.8521
65.4067
0.00169493
-10.1574
67.6719
374.558
520.435
322
427
402
639

