59656
28.0081
38.0168
40.4308
0.00274252
-10.5888
231.817
257.035
106.662
0
427
0
358

65774
81.6968
157.516
218.685
0.00648134
-7.96438
18.5537
63.919
405.361
0
229
33
639

56461
109.595
179.919
215.609
0.00401799
-9.61988
223.691
160.226
312.432
64
293
69
590

13272
113.908
110.283
118.795
0.000294548
-12.0599
349.25
238.374
533.862
160
292
293
639

42193
61.1409
75.573
64.668
0.00147236
-10.5899
131.817
331.219
436.169
207
427
61
639

6168
25.8849
32.6552
27.3902
0.000921668
-10.5794
171.934
306.858
562.303
244
425
403
639

11425
58.616
83.7497
62.3465
0.00382801
-9.44978
146.327
326.769
196.639
286
402
20
305

14749
138.911
136.162
148.893
0.00384932
-8.9835
74.9302
378.697
335.266
295
427
235
561

4222
55.8903
81.9953
55.6265
0.00694775
-8.05582
56.7677
366.47
166.643
347
397
53
232

