4585
40.6585
70.6772
92.3706
0.000923002
-10.9647
801.295
46.8362
31.5437
0
96
0
82

52734
98.9685
175.033
225.353
0.0051017
-9.19678
74.5843
53.0393
405.594
0
199
26
639

40202
124.962
195.165
214.98
0.00365203
-9.7959
322.017
120.237
292.327
50
233
58
546

53822
25.6299
34.3369
35.5431
0.00210775
-10.4009
161.1
276.041
108.222
75
427
0
361

18320
122.257
116.641
125.92
0.000219549
-12.4823
429.89
186.876
506.94
91
244
251
639

3146
126.482
122.023
136.86
0.000659543
-10.7567
279.998
188.816
145.761
163
217
74
242

4840
78.7045
75.5752
85.0099
0.000586611
-11.004
244.634
204.346
146.435
167
228
49
265

16448
76.0499
94.3282
78.0258
0.00156098
-10.8268
215.687
260.051
423.488
175
334
266
569

7393
30.1361
35.4393
29.7316
0.000614979
-11.0521
303.916
254.268
543.118
207
374
367
639

11301
66.5004
91.2613
69.1902
0.0032313
-9.7543
188.696
271.445
186.486
230
315
35
303

30365
133.836
128.422
138.438
0.00157034
-10.367
159.783
368.53
358.731
235
427
36
617

6088
60.4547
79.3786
61.5713
0.00221192
-9.68039
86.4016
318.905
604.501
260
372
571
639

18374
68.7445
87.1509
72.0839
0.00242968
-9.50207
35.7627
346.637
496.912
297
427
353
639

6302
56.6387
80.5476
56.2991
0.00436726
-8.91323
149.296
324.817
184.279
302
390
37
255

