63536
133.437
155.856
168.412
0.0137832
-6.77993
8.21166
89.9592
156.361
0
261
0
487

85834
172.06
189.138
193.204
0.0117805
-7.24827
20.8185
136.457
445.94
0
251
56
639

7742
49.5802
55.3409
57.3239
0.0095624
-7.6267
16.2603
238.184
151.972
201
260
52
261

18375
93.9313
101.989
103.8
0.000937142
-10.7317
118.262
262.514
269.567
213
296
0
639

4459
121.082
132.874
135.149
0.00171338
-9.72933
89.65
254.169
527.906
242
267
376
639

27546
140.273
143.834
140.605
0.000316067
-12.2168
466.978
311.567
371.169
267
380
0
639

6655
181.974
184.369
177.913
0.00100432
-10.4165
116.098
299.46
504.961
277
329
308
639

93053
58.4193
53.9852
44.6796
0.000191478
-12.8345
745.878
405.895
299.512
312
479
0
639

