85419
132.222
168.737
191.193
0.0125708
-6.80567
0.953551
71.5733
269.739
0
183
0
639

79825
164.044
187.928
193.533
0.00914011
-7.87527
57.6998
191.318
370.317
38
290
0
639

11288
58.4196
67.5609
72.7122
0.001012
-10.9191
242.883
257.666
245.572
215
286
123
377

46085
123.863
140.573
147.696
0.000330697
-12.3796
404.68
310.739
348.916
244
360
0
639

6601
81.7576
108.525
128.471
0.000606256
-11.1194
291.145
358.006
477.873
336
378
215
639

77979
5.94274
9.06756
9.68788
0.00721308
-7.79962
13.2734
418.017
301.911
340
479
0
639

