75883
116.514
141.677
157.788
0.0191975
-6.19179
0.672901
61.7922
359.586
0
180
0
639

88939
143.981
157.009
158.984
0.0256325
-6.00048
4.07723
185.053
286.081
78
282
0
639

66742
94.2307
108.995
116.43
0.00124379
-10.3664
108.862
312.523
293.73
247
403
0
639

21549
69.2347
47.3966
9.34586
0.000306106
-12.0305
375.852
416.454
563.176
296
479
403
639

3670
163.518
157.417
144.561
0.000594069
-10.9651
630.765
346.679
533.392
322
372
467
593

29197
73.726
83.6737
87.3863
0.000769815
-10.8539
104.227
408.969
179.351
340
479
0
523

12736
115.863
114.834
108.068
0.000368555
-11.836
363.714
443.122
247.742
403
479
36
416

8484
125.163
121.861
113.074
0.000440833
-11.4549
332.015
440.576
392.606
405
479
271
503

