78421
108.958
152.274
181.449
0.00836494
-7.43431
1.60447
62.9549
285.645
0
159
0
639

78214
154.562
182.881
192.752
0.0075839
-8.24614
77.7076
183.277
345.156
76
321
0
639

17649
109.407
124.606
130.363
0.000370222
-12.1924
452.785
253.03
384.111
213
283
0
639

37719
141.584
157.096
161.386
0.000269229
-12.6422
604.082
306.309
399.223
247
377
22
639

74601
21.5136
24.9753
23.8123
0.00242889
-9.51169
55.017
409.53
239.171
280
479
0
639

6378
134.413
149.42
157.561
0.00179848
-9.70551
189.388
351.269
409.731
287
393
63
639

14218
72.3055
93.0636
105.88
0.000473257
-11.3899
210.157
386.228
454.4
337
433
181
639

