78902
106.169
148.415
176.86
0.00767784
-7.54021
1.76227
62.8407
289.673
0
158
0
639

78480
150.775
178.5
188.08
0.00699954
-8.06731
39.8114
182.871
349.691
77
264
0
639

17214
104.185
120.882
127.813
0.000357103
-12.089
383.773
260.08
403.669
219
296
0
639

48857
126.017
143.754
152.821
0.00150714
-10.5477
293.605
340.601
341.061
252
441
0
639

5384
97.8208
113.916
120.128
0.000763184
-10.6901
310.541
289.979
432.421
271
316
238
639

11457
121.126
138.307
143.545
0.000438628
-11.6888
660.088
318.238
505.312
284
362
272
639

66906
19.9855
22.827
20.8828
0.00280751
-9.34122
68.3457
417.592
240.955
291
479
0
639

