65781
122.577
160.497
189.877
0.0146618
-6.72015
0.675165
63.1338
409.249
0
191
0
639

84352
151.068
183.871
204.488
0.0116878
-7.79984
77.4593
159.024
257.071
24
263
0
639

21496
98.2388
105.506
110.252
0.000858128
-10.7749
107.641
254.913
380.079
220
309
0
639

91601
55.3221
61.8447
56.1024
0.000688062
-11.075
96.3614
338.666
288.067
235
444
0
639

36063
64.9922
96.6287
118.151
0.00539687
-8.19494
13.6722
438.827
302.996
382
479
0
639

7907
42.6425
67.9579
85.9269
0.014828
-6.801
6.12995
465.435
513.579
433
479
300
639

