72605
101.484
143.883
172.168
0.0219474
-6.10079
0.693107
60.387
367.57
0
181
0
639

78999
126.043
155.622
172.117
0.0159091
-8.08871
97.0699
178.197
310.632
72
300
0
639

6769
174.964
182.388
181.25
0.000874827
-10.9133
238.176
227.163
381.415
167
277
284
515

35926
88.8585
99.2867
107.36
0.00109802
-11.0957
258.435
300.191
137.503
172
433
0
509

23701
96.5052
102.793
106.675
0.000922845
-11.1638
338.097
300.685
455.388
237
371
260
639

54955
66.673
71.0427
72.0933
0.00132458
-10.2757
83.6375
386.356
350.598
261
476
0
639

4459
80.9852
88.8625
96.0415
0.00374571
-8.82491
172.273
320.257
227.681
271
359
148
302

4391
65.8957
76.7012
87.8661
0.00301529
-9.14059
65.4736
329.111
31.5812
279
372
0
99

20095
88.0079
88.0343
81.7049
0.00154851
-10.0701
51.9983
451.4
372.703
410
479
0
639

5300
75.1596
74.7249
70.587
0.00297139
-8.91194
32.3258
469.341
131.706
449
479
0
293

