71326
112.074
158.742
192.774
0.0153102
-6.57578
0.521979
57.1004
353.052
0
145
0
639

46194
145.166
181.274
200.415
0.0149263
-8.18669
173.77
147.638
311.398
80
208
0
639

96794
97.6259
107.025
112.018
0.000631571
-11.4002
211.487
258.836
293.948
134
395
0
639

53802
84.9949
85.6359
76.421
0.000284589
-12.6245
529.619
387.412
428.579
279
479
0
639

31414
66.2254
65.7536
59.193
0.000326062
-12.7455
734.436
428.089
141.378
356
479
0
339

7670
41.263
41.8698
37.473
0.0755687
-8.65725
338.773
434.986
343.137
377
479
241
474

