79964
119.852
166.421
199.862
0.0157585
-6.64119
0.526428
66.5795
369.432
0
190
0
639

52381
150.353
187.638
208.388
0.011904
-8.51277
173.762
162.301
251.225
70
251
0
639

83151
100.145
112.553
119.596
0.000640394
-11.4699
221.153
275.359
302.502
154
375
0
639

6773
83.3499
92.6524
95.6025
0.00133871
-10.0603
105.677
267.723
500.611
236
294
384
634

24201
87.2911
90.3234
86.7503
0.000520977
-11.4689
161.081
371.332
398.182
323
421
81
639

21498
65.4479
66.2957
54.5167
0.000364544
-11.9694
350.686
416.53
98.6788
335
479
0
305

14925
69.7122
72.6976
67.4446
0.000530492
-11.4733
197.353
407.383
392.61
351
448
207
639

5927
79.6897
80.2932
72.6717
0.000701981
-10.8431
273.235
445.227
173.382
412
479
94
294

18380
89.5585
89.6868
82.156
0.00042535
-11.6185
373.847
455.878
449.437
413
479
216
639

